36 42
36 43
36 44
37 40
37 41
37 42
37 43
37 44
37 45
37 46
37 47
37 48
37 49
37 50
37 51
37 52
37 53
38 40
38 41
38 42
38 43
38 44
38 45
38 46
38 47
38 48
38 49
38 50
38 51
38 52
38 53
39 40
39 41
39 42
39 43
39 44
39 45
39 46
39 47
39 48
39 49
39 50
39 51
39 52
39 53
40 41
40 42
40 43
41 41
41 42
41 43
42 41
42 42
42 43
43 41
43 42
43 43
44 41
44 42
44 43
45 41
45 42
45 43
46 41
46 42
46 43
47 41
47 42
47 43
48 40
48 41
48 42
48 43
49 40
49 41
49 42
49 43
50 40
50 41
50 42
51 40
51 41
51 42
52 40
52 41
52 42
53 40
53 41
53 42
54 40
54 41
54 42
55 40
55 41
55 42
56 40
56 41
56 42
56 43
57 40
57 41
57 42
57 43
57 44
57 45
57 46
57 47
57 48
57 49
57 50
57 51
57 52
57 53
57 54
57 55
58 40
58 41
58 42
58 43
58 44
58 45
58 46
58 47
58 48
58 49
58 50
58 51
58 52
58 53
58 54
58 55
59 42
59 43
59 44
59 45
59 46
59 47
59 48
59 49
59 50
59 51
59 52
59 53
59 54
59 55
