36 28
36 29
36 30
37 28
37 29
37 30
38 28
38 29
38 30
39 28
39 29
39 30
40 28
40 29
40 30
41 28
41 29
41 30
42 29
42 30
42 31
43 29
43 30
43 31
44 29
44 30
44 31
45 29
45 30
45 31
46 29
46 30
46 31
47 29
47 30
47 31
48 29
48 30
48 31
49 29
49 30
49 31
49 32
50 29
50 30
50 31
50 32
51 29
51 30
51 31
51 32
52 30
52 31
52 32
53 30
53 31
53 32
54 30
54 31
54 32
55 30
55 31
55 32
56 30
56 31
56 32
57 30
57 31
57 32
58 30
58 31
58 32
59 30
59 31
59 32
60 30
60 31
60 32
61 30
61 31
61 32
62 30
62 31
62 32
63 30
63 31
63 32
64 30
64 31
64 32
65 30
65 31
65 32
66 30
66 31
66 32
