30 42
30 43
30 44
30 45
30 46
30 47
30 48
30 49
30 50
30 51
30 52
31 36
31 37
31 38
31 39
31 40
31 41
31 42
31 43
31 44
31 45
31 46
31 47
31 48
31 49
31 50
31 51
31 52
32 36
32 37
32 38
32 39
32 40
32 41
32 42
32 43
32 44
32 45
32 46
32 47
32 48
32 49
32 50
32 51
32 52
33 35
33 36
33 37
33 38
33 39
33 40
33 41
33 42
33 43
33 44
33 49
33 50
33 51
34 35
34 36
34 37
34 38
34 39
34 49
34 50
34 51
35 35
35 36
35 37
35 38
35 39
35 49
35 50
35 51
36 35
36 36
36 37
36 49
36 50
36 51
37 35
37 36
37 37
37 48
37 49
37 50
37 51
38 35
38 36
38 37
38 48
38 49
38 50
38 51
39 35
39 36
39 37
39 48
39 49
39 50
40 35
40 36
40 37
40 48
40 49
40 50
41 35
41 36
41 37
41 48
41 49
41 50
42 35
42 36
42 37
42 48
42 49
42 50
43 35
43 36
43 37
43 48
43 49
43 50
44 35
44 36
44 37
44 48
44 49
44 50
45 35
45 36
45 37
45 48
45 49
45 50
46 35
46 36
46 37
46 48
46 49
46 50
47 35
47 36
47 37
47 48
47 49
47 50
48 35
48 36
48 37
48 47
48 48
48 49
48 50
49 35
49 36
49 37
49 42
49 43
49 44
49 45
49 46
49 47
49 48
49 49
49 50
50 34
50 35
50 36
50 37
50 38
50 39
50 40
50 41
50 42
50 43
50 44
50 45
50 46
50 47
50 48
50 49
50 50
51 34
51 35
51 36
51 37
51 38
51 39
51 40
51 41
51 42
51 43
51 44
51 45
51 46
51 47
51 48
51 49
52 34
52 35
52 36
52 37
52 38
52 39
52 40
52 41
52 42
52 43
52 44
52 45
52 46
53 34
53 35
53 36
53 37
53 38
54 36
54 37
54 38
55 36
55 37
55 38
56 36
56 37
56 38
57 36
57 37
57 38
58 36
58 37
58 38
59 36
59 37
59 38
60 36
60 37
60 38
61 36
61 37
61 38
62 36
62 37
62 38
63 36
63 37
63 38
64 36
64 37
64 38
65 36
65 37
65 38
66 36
66 37
66 38
67 36
67 37
67 38
68 36
68 37
68 38
69 36
69 37
69 38
70 36
70 37
70 38
71 36
71 37
71 38
72 36
72 37
72 38
